0 0
1 6
2 6
3 5
4 4
5 3
6 3
7 4
8 4
9 2
10 2
11 2
12 2
13 2
14 2
15 2
16 2
17 5
18 5
19 4
20 3
21 3
22 4
23 5
24 5
25 2
26 2
27 2
28 2
29 2
30 2
31 2
32 2
33 3
34 3
35 3
36 3
37 3
38 3
39 3
40 3
41 2
42 2
43 3
44 3
45 3
46 4
47 4
48 4
49 4
50 5
51 5
52 5
53 5
54 4
55 3
56 2
57 3
58 3
59 2
60 2
61 3
62 4
63 5
64 6
65 5
66 5
67 4
68 3
69 3
70 4
71 5
72 5
73 4
74 5
75 5
76 6
77 6
78 5
79 5
80 4
81 3
82 3
83 3
84 3
85 3
86 3
87 3
88 3
89 5
90 5
91 5
92 4
93 3
94 3
95 4
96 5
97 3
98 3
99 3
100 3
101 3
102 3
103 3
104 3
105 0
106 0
107 2
108 6
109 9
110 9
111 7
112 4
113 4
114 4
115 3
116 2
117 2
118 3
119 4
120 4
121 3
122 3
123 3
124 3
125 3
126 3
127 3
128 3
129 6
130 6
131 6
132 6
133 5
134 5
135 4
136 4
137 0
138 0
139 2
140 3
141 3
142 3
143 3
144 3
145 6
146 5
147 5
148 4
149 5
150 6
151 7
152 7
153 2
154 2
155 3
156 4
157 5
158 6
159 6
160 7
161 8
162 6
163 4
164 2
165 1
166 1
167 2
168 2
169 7
170 6
171 4
172 2
173 2
174 2
175 4
176 5
177 4
178 4
179 4
180 4
181 4
182 4
183 4
184 4
185 6
186 7
187 8
188 8
189 8
190 8
191 7
192 6
193 4
194 5
195 5
196 6
197 6
198 6
199 6
200 6
201 8
202 7
203 5
204 4
205 3
206 2
207 2
208 3
209 7
210 7
211 7
212 8
213 8
214 8
215 9
216 9
217 4
218 4
219 3
220 3
221 3
222 4
223 5
224 5
225 2
226 3
227 3
228 4
229 4
230 5
231 5
232 6
233 4
234 5
235 6
236 6
237 6
238 6
239 5
240 4
241 6
242 6
243 6
244 5
245 6
246 7
247 8
248 9
249 5
250 5
251 6
252 6
253 6
254 6
255 5
256 5
257 11
258 10
259 9
260 8
261 7
262 6
263 6
264 5
265 8
266 8
267 8
268 8
269 8
270 8
271 8
272 8
273 7
274 7
275 7
276 7
277 6
278 6
279 6
280 6
281 8
282 8
283 7
284 7
285 7
286 8
287 9
288 9
289 10
290 9
291 8
292 7
293 6
294 7
295 7
296 8
297 11
298 9
299 7
300 6
301 5
302 6
303 8
304 9
305 7
306 6
307 5
308 4
309 4
310 5
311 5
312 6
313 7
314 7
315 8
316 8
317 8
318 8
319 7
320 7
321 10
322 9
323 8
324 7
325 7
326 9
327 11
328 12
329 3
330 4
331 5
332 6
333 6
334 5
335 4
336 3
337 6
338 6
339 7
340 8
341 8
342 7
343 6
344 6
345 5
346 5
347 6
348 7
349 8
350 9
351 10
352 11
353 8
354 8
355 8
356 8
357 8
358 8
359 8
360 8
361 7
362 7
363 7
364 7
365 7
366 7
367 7
368 7
369 9
370 7
371 5
372 6
373 7
374 7
375 6
376 4
377 6
378 7
379 8
380 10
381 10
382 8
383 7
384 6
385 8
386 8
387 7
388 7
389 7
390 6
391 6
392 6
393 4
394 7
395 9
396 9
397 6
398 5
399 5
400 7
401 7
402 7
403 6
404 6
405 6
406 6
407 7
408 7
409 7
410 7
411 8
412 8
413 9
414 8
415 8
416 8
417 12
418 10
419 8
420 8
421 10
422 10
423 8
424 5
425 7
426 4
427 2
428 4
429 9
430 11
431 9
432 6
433 7
434 7
435 6
436 5
437 5
438 5
439 6
440 6
441 7
442 6
443 6
444 5
445 6
446 6
447 7
448 8
449 8
450 8
451 8
452 8
453 8
454 8
455 8
456 8
457 5
458 5
459 6
460 6
461 6
462 6
463 6
464 6
465 4
466 5
467 6
468 6
469 6
470 6
471 5
472 4
473 6
474 6
475 6
476 6
477 5
478 5
479 4
480 4
481 4
482 5
483 6
484 6
485 6
486 6
487 5
488 4
489 6
490 6
491 6
492 6
493 6
494 6
495 6
496 6
497 9
498 8
499 7
500 5
501 4
502 3
503 3
504 3
505 6
506 7
507 7
508 7
509 7
510 6
511 5
512 4
513 7
514 7
515 6
516 6
517 5
518 4
519 4
520 3
521 8
522 7
523 6
524 7
525 9
526 10
527 9
528 8
529 7
530 6
531 5
532 5
533 5
534 5
535 6
536 7
537 10
538 10
539 8
540 7
541 7
542 6
543 7
544 7
545 8
546 8
547 9
548 10
549 10
550 9
551 8
552 8
553 5
554 6
555 6
556 6
557 7
558 7
559 7
560 8
561 4
562 4
563 4
564 5
565 5
566 6
567 6
568 7
569 7
570 8
571 8
572 9
573 9
574 10
575 10
576 10
577 10
578 10
579 11
580 11
581 11
582 10
583 9
584 8
585 8
586 8
587 7
588 6
589 5
590 4
591 3
592 3
593 8
594 7
595 5
596 3
597 4
598 6
599 9
600 10
601 6
602 7
603 8
604 7
605 6
606 6
607 9
608 11
609 8
610 7
611 7
612 6
613 7
614 8
615 9
616 10
617 12
618 12
619 11
620 10
621 11
622 13
623 15
624 17
625 18
626 20
627 22
628 22
629 22
630 23
631 26
632 29
633 28
634 33
635 40
636 44
637 46
638 50
639 55
640 61
641 67
642 74
643 84
644 91
645 97
646 103
647 111
648 117
649 123
650 126
651 131
652 134
653 135
654 137
655 140
656 142
657 146
658 149
659 153
660 157
661 160
662 163
663 166
664 168
665 171
666 173
667 175
668 177
669 178
670 179
671 180
672 180
673 180
674 180
675 180
676 179
677 178
678 178
679 177
680 177
681 173
682 172
683 170
684 167
685 166
686 165
687 165
688 164
689 166
690 165
691 164
692 162
693 161
694 160
695 159
696 159
697 156
698 156
699 154
700 152
701 150
702 148
703 147
704 146
705 143
706 141
707 140
708 138
709 135
710 128
711 119
712 113
713 109
714 104
715 97
716 89
717 83
718 75
719 68
720 63
721 54
722 50
723 43
724 35
725 28
726 23
727 19
728 17
729 21
730 19
731 16
732 15
733 16
734 17
735 16
736 15
737 14
738 14
739 14
740 13
741 11
742 10
743 8
744 7
745 7
746 7
747 7
748 8
749 8
750 8
751 8
752 8
753 11
754 9
755 7
756 7
757 8
758 8
759 7
760 5
761 9
762 9
763 9
764 9
765 9
766 9
767 9
768 9
769 8
770 8
771 9
772 9
773 9
774 10
775 10
776 10
777 7
778 8
779 9
780 10
781 11
782 12
783 12
784 11
785 6
786 7
787 7
788 7
789 8
790 8
791 8
792 9
793 7
794 7
795 7
796 7
797 6
798 6
799 6
800 6
801 6
802 6
803 5
804 5
805 5
806 5
807 6
808 6
809 7
810 7
811 7
812 7
813 7
814 7
815 7
816 7
817 6
818 6
819 6
820 6
821 6
822 6
823 6
824 6
825 6
826 6
827 7
828 8
829 8
830 7
831 6
832 6
833 7
834 6
835 5
836 4
837 4
838 4
839 5
840 5
841 5
842 5
843 5
844 5
845 5
846 5
847 5
848 5
849 5
850 5
851 5
852 5
853 5
854 5
855 5
856 5
857 5
858 5
859 5
860 5
861 5
862 5
863 5
864 5
865 3
866 4
867 5
868 6
869 7
870 6
871 6
872 5
873 6
874 5
875 4
876 3
877 3
878 4
879 5
880 6
881 3
882 3
883 4
884 4
885 4
886 5
887 5
888 5
889 3
890 4
891 5
892 5
893 5
894 5
895 4
896 3
897 5
898 5
899 4
900 3
901 3
902 4
903 5
904 5
905 5
906 5
907 5
908 5
909 4
910 4
911 4
912 4
913 4
914 4
915 4
916 4
917 4
918 4
919 4
920 4
921 4
922 4
923 4
924 4
925 4
926 4
927 4
928 4
929 6
930 6
931 6
932 6
933 6
934 6
935 6
936 6
937 4
938 4
939 4
940 3
941 3
942 3
943 2
944 2
945 1
946 1
947 2
948 3
949 3
950 2
951 1
952 1
953 2
954 3
955 4
956 5
957 5
958 5
959 5
960 4
961 6
962 6
963 6
964 6
965 5
966 5
967 5
968 5
969 4
970 4
971 4
972 4
973 4
974 4
975 4
976 4
977 4
978 4
979 4
980 4
981 4
982 4
983 4
984 4
985 4
986 4
987 4
988 5
989 5
990 6
991 6
992 6
993 4
994 3
995 2
996 2
997 2
998 2
999 3
1000 4
1001 5
1002 4
1003 3
1004 2
1005 2
1006 2
1007 3
1008 3
1009 5
1010 4
1011 4
1012 3
1013 3
1014 2
1015 2
1016 2
1017 7
1018 10
1019 9
1020 4
1021 4
1022 8
1023 8
1024 5
1025 4
1026 4
1027 4
1028 4
1029 4
1030 4
1031 5
1032 5
1033 4
1034 5
1035 7
1036 8
1037 7
1038 6
1039 4
1040 3
1041 5
1042 5
1043 5
1044 5
1045 6
1046 6
1047 6
1048 7
1049 4
1050 4
1051 4
1052 4
1053 4
1054 4
1055 4
1056 4
1057 3
1058 3
1059 3
1060 3
1061 3
1062 3
1063 3
1064 3
1065 4
1066 4
1067 4
1068 4
1069 4
1070 4
1071 4
1072 4
1073 5
1074 4
1075 4
1076 3
1077 3
1078 4
1079 4
1080 5
1081 4
1082 4
1083 4
1084 4
1085 4
1086 4
1087 4
1088 4
1089 3
1090 3
1091 3
1092 3
1093 3
1094 3
1095 3
1096 3
1097 0
1098 1
1099 2
1100 3
1101 4
1102 5
1103 5
1104 6
1105 8
1106 8
1107 7
1108 6
1109 5
1110 4
1111 3
1112 3
1113 5
1114 5
1115 4
1116 3
1117 3
1118 4
1119 5
1120 5
1121 2
1122 3
1123 4
1124 5
1125 5
1126 4
1127 3
1128 2
1129 3
1130 3
1131 3
1132 3
1133 2
1134 2
1135 1
1136 1
1137 2
1138 3
1139 4
1140 5
1141 6
1142 5
1143 5
1144 4
1145 3
1146 3
1147 3
1148 3
1149 3
1150 3
1151 3
1152 3
1153 2
1154 2
1155 3
1156 3
1157 3
1158 4
1159 4
1160 4
1161 3
1162 3
1163 3
1164 3
1165 3
1166 3
1167 3
1168 3
1169 3
1170 3
1171 3
1172 3
1173 3
1174 3
1175 3
1176 3
1177 2
1178 2
1179 2
1180 2
1181 2
1182 2
1183 2
1184 2
1185 2
1186 2
1187 2
1188 2
1189 2
1190 2
1191 2
1192 2
1193 2
1194 2
1195 2
1196 2
1197 2
1198 2
1199 2
1200 2
1201 2
1202 2
1203 2
1204 2
1205 2
1206 2
1207 2
1208 2
1209 2
1210 2
1211 2
1212 2
1213 2
1214 2
1215 2
1216 2
1217 2
1218 2
1219 2
1220 2
1221 2
1222 2
1223 2
1224 2
1225 1
1226 1
1227 1
1228 2
1229 2
1230 3
1231 3
1232 3
1233 2
1234 2
1235 2
1236 2
1237 2
1238 2
1239 2
1240 2
1241 3
1242 3
1243 3
1244 3
1245 3
1246 3
1247 3
1248 3
1249 5
1250 5
1251 4
1252 4
1253 3
1254 3
1255 2
1256 2
1257 2
1258 2
1259 2
1260 2
1261 2
1262 2
1263 2
1264 2
1265 2
1266 2
1267 2
1268 2
1269 2
1270 2
1271 2
1272 2
1273 2
1274 2
1275 2
1276 2
1277 2
1278 2
1279 2



0 0
1 4
2 4
3 4
4 4
5 4
6 4
7 4
8 4
9 2
10 4
11 6
12 6
13 3
14 1
15 1
16 1
17 3
18 4
19 5
20 6
21 6
22 5
23 4
24 3
25 6
26 6
27 6
28 6
29 6
30 6
31 6
32 6
33 7
34 5
35 3
36 1
37 1
38 3
39 5
40 7
41 8
42 7
43 9
44 14
45 11
46 4
47 2
48 5
49 6
50 6
51 6
52 7
53 8
54 8
55 9
56 9
57 7
58 6
59 5
60 5
61 5
62 6
63 8
64 9
65 7
66 6
67 6
68 6
69 6
70 6
71 6
72 7
73 8
74 7
75 5
76 4
77 4
78 5
79 7
80 8
81 6
82 6
83 6
84 6
85 6
86 6
87 6
88 6
89 4
90 7
91 8
92 5
93 5
94 6
95 5
96 2
97 5
98 4
99 3
100 2
101 2
102 3
103 4
104 5
105 3
106 4
107 6
108 7
109 8
110 8
111 7
112 7
113 5
114 6
115 7
116 8
117 8
118 7
119 6
120 5
121 7
122 6
123 6
124 6
125 5
126 5
127 4
128 4
129 5
130 5
131 5
132 5
133 5
134 5
135 5
136 5
137 8
138 6
139 5
140 6
141 7
142 8
143 7
144 5
145 5
146 6
147 7
148 8
149 8
150 7
151 6
152 5
153 7
154 8
155 9
156 8
157 5
158 4
159 5
160 6
161 9
162 6
163 4
164 4
165 7
166 7
167 5
168 2
169 3
170 5
171 6
172 5
173 7
174 9
175 7
176 2
177 7
178 10
179 12
180 10
181 7
182 5
183 7
184 10
185 9
186 9
187 8
188 8
189 7
190 7
191 7
192 6
193 6
194 6
195 7
196 8
197 7
198 5
199 3
200 2
201 6
202 7
203 7
204 6
205 5
206 5
207 7
208 10
209 9
210 10
211 9
212 7
213 5
214 5
215 6
216 8
217 6
218 7
219 8
220 9
221 9
222 8
223 7
224 7
225 6
226 5
227 5
228 7
229 9
230 11
231 10
232 9
233 11
234 15
235 18
236 16
237 12
238 11
239 14
240 17
241 13
242 21
243 23
244 18
245 15
246 21
247 26
248 28
249 28
250 29
251 32
252 39
253 50
254 64
255 77
256 84
257 104
258 107
259 114
260 127
261 141
262 153
263 158
264 159
265 164
266 171
267 179
268 181
269 179
270 179
271 184
272 190
273 181
274 183
275 185
276 186
277 186
278 184
279 181
280 179
281 176
282 173
283 170
284 169
285 170
286 171
287 170
288 169
289 164
290 168
291 173
292 176
293 177
294 176
295 176
296 177
297 179
298 179
299 178
300 177
301 176
302 175
303 175
304 174
305 174
306 173
307 172
308 170
309 168
310 166
311 164
312 163
313 161
314 159
315 156
316 153
317 149
318 143
319 136
320 131
321 126
322 122
323 116
324 111
325 105
326 96
327 85
328 76
329 70
330 61
331 48
332 36
333 30
334 29
335 29
336 29
337 23
338 15
339 12
340 16
341 18
342 13
343 9
344 9
345 4
346 6
347 8
348 9
349 9
350 10
351 12
352 14
353 13
354 8
355 6
356 8
357 9
358 7
359 7
360 9
361 8
362 4
363 3
364 6
365 7
366 6
367 4
368 6
369 10
370 9
371 7
372 7
373 8
374 9
375 7
376 6
377 5
378 5
379 5
380 5
381 5
382 5
383 5
384 5
385 6
386 6
387 6
388 6
389 6
390 6
391 6
392 6
393 9
394 5
395 4
396 7
397 8
398 7
399 5
400 6
401 7
402 7
403 6
404 6
405 5
406 4
407 4
408 4
409 7
410 6
411 5
412 4
413 4
414 5
415 6
416 7
417 4
418 5
419 6
420 7
421 7
422 6
423 5
424 4
425 6
426 6
427 6
428 6
429 6
430 6
431 6
432 6
433 3
434 2
435 1
436 1
437 1
438 3
439 5
440 7
441 5
442 6
443 7
444 7
445 7
446 5
447 4
448 3
449 5
450 6
451 7
452 8
453 8
454 7
455 6
456 5
457 8
458 7
459 7
460 7
461 6
462 6
463 5
464 5
465 4
466 6
467 8
468 9
469 7
470 6
471 6
472 6
473 3
474 4
475 5
476 6
477 7
478 8
479 9
480 9
481 6
482 6
483 6
484 6
485 6
486 6
487 6
488 6
489 5
490 7
491 7
492 6
493 4
494 3
495 4
496 5
497 4
498 6
499 7
500 6
501 5
502 4
503 5
504 7
505 5
506 5
507 4
508 4
509 4
510 6
511 7
512 8
513 2
514 2
515 2
516 3
517 4
518 4
519 5
520 5
521 7
522 10
523 11
524 9
525 6
526 4
527 6
528 8
529 4
530 5
531 6
532 6
533 5
534 4
535 3
536 2
537 8
538 8
539 7
540 7
541 6
542 5
543 5
544 5
545 4
546 5
547 6
548 7
549 7
550 6
551 5
552 4
553 3
554 4
555 6
556 8
557 8
558 8
559 7
560 7
561 6
562 6
563 6
564 6
565 6
566 6
567 6
568 6
569 3
570 5
571 6
572 6
573 5
574 5
575 6
576 7
577 5
578 6
579 7
580 8
581 8
582 7
583 6
584 5
585 7
586 7
587 7
588 7
589 6
590 6
591 6
592 6
593 7
594 8
595 3
596 0
597 6
598 17
599 16
600 5
601 7
602 4
603 2
604 6
605 11
606 12
607 8
608 3
609 0
610 5
611 10
612 11
613 8
614 7
615 9
616 13
617 10
618 7
619 8
620 11
621 11
622 9
623 10
624 12
625 8
626 9
627 10
628 8
629 5
630 4
631 7
632 10
633 8
634 11
635 15
636 15
637 12
638 10
639 11
640 13
641 8
642 11
643 14
644 13
645 10
646 7
647 8
648 10
649 2
650 4
651 5
652 6
653 6
654 7
655 10
656 12
657 8
658 7
659 7
660 6
661 6
662 6
663 7
664 7
665 5
666 8
667 11
668 11
669 9
670 7
671 5
672 5
673 6
674 3
675 7
676 16
677 16
678 10
679 12
680 20
681 7
682 9
683 10
684 11
685 11
686 13
687 16
688 19
689 6
690 7
691 8
692 9
693 9
694 8
695 7
696 7
697 19
698 13
699 7
700 6
701 4
702 3
703 6
704 10
705 12
706 7
707 4
708 6
709 7
710 5
711 5
712 7
713 9
714 9
715 8
716 8
717 7
718 7
719 6
